$ANSIBLE_VAULT;1.1;AES256
35646539313364306632613434623733353862386436663631363236316238663161646137306430
3830623536333339393036653434663765613233633835310a613135316332663938313132653361
66663635656365326638623031343464303164636465643539343436323738333134636664396139
6566346264636237660a393934663637306434303366343239303333396262393662373261633062
63363439386133633763306136323137646565313732653530346364643962393635616362353535
66666437353063356163316166633462653434363838386365643366396231666330366139636435
63303030353930313164303961393936636431656137386363663464666161643332303531373031
30303436383530363133306235376464366264346434653131643330626430313331663830383263
61393031343837326138343531323139663931313536313034353535626337323263626431326230
37373838336434303361336338313061343861363831376164323236623635303761356339373935
65636435613264363430386463663734333138363434613566376233346334646631333236346635
39313065616636376331663033663762616632333033626635663138623561613962386333393836
33653135326364653263373165643730343031346262646462333531336233386462366439633431
33313230376331653763383938646331656239643663383061303164386265303162343462346333
35373935656537653538303434383938323031366365333730666166656366326266343365393033
66323266376334653966626264663534616435343838636637363163633031653435623064633634
62373835363838373931663634636363346431636133656332326361383534323266616336343931
39383335653538646437363331646531653634623865616334373832663264613464623335373865
36663961316134393865396139363534623838356261626531303937633064663931636166313462
38386266393761313965
